C1	C2	weight
0	1	24
2	3	3
4	0	1
0	5	15
3	5	4
3	6	1
5	6	6
5	7	8
8	1	3
0	9	3
0	10	1
0	11	3
7	9	2
0	12	4
0	7	17
12	7	2
13	11	2
7	1	3
5	14	5
15	1	2
16	1	1
17	9	3
1	18	9
2	17	1
18	1	6
5	19	1
5	1	10
19	1	1
3	7	10
0	20	10
2	5	2
0	21	4
0	8	2
21	14	1
5	22	3
0	18	5
5	18	7
5	23	1
12	1	1
0	24	5
11	18	1
0	16	2
25	1	7
0	15	11
25	26	1
0	22	18
5	20	2
0	27	1
26	5	3
0	28	1
28	20	1
0	29	6
30	5	1
0	14	1
3	9	3
31	24	2
5	21	5
15	24	1
32	5	3
24	1	2
2	0	6
13	9	3
13	33	1
9	33	1
3	21	1
0	31	1
22	20	1
34	15	1
34	1	4
34	5	4
5	11	2
5	15	1
2	35	1
0	2	2
3	15	1
7	15	2
3	8	2
7	8	4
0	25	1
5	36	2
15	22	1
34	21	1
0	4	1
21	1	2
21	8	1
1	8	1
37	15	1
17	5	3
0	3	3
34	0	1
2	18	1
2	1	2
38	9	2
17	38	1
38	5	1
5	39	1
7	21	1
2	40	1
5	40	1
0	36	1
7	36	1
7	2	1
36	2	1
0	13	1
3	41	1
3	24	1
41	24	2
22	9	1
0	42	1
5	27	1
27	7	1
0	17	1
0	34	1
17	3	1
22	24	1
21	7	1
34	2	1
22	11	2
2	26	1
26	0	1
26	15	1
2	24	1
32	1	1
2	7	1
36	1	1
0	38	1
4	14	1
0	35	1
3	14	1
22	1	1
5	24	1
24	18	1
0	33	1
18	33	1
21	16	1
8	5	1
8	14	1
16	18	1
0	37	3
5	43	1
7	11	1
7	13	1
5	26	1
25	18	1
