C1	C2	weight
0	1	11
2	3	1
4	1	2
1	5	4
2	6	1
2	5	3
6	5	4
7	5	4
8	0	1
9	1	2
10	1	1
1	11	2
7	9	1
7	12	1
7	1	8
12	1	3
13	11	2
7	0	3
14	5	3
15	0	2
16	0	1
9	17	1
18	0	7
17	3	1
19	0	1
19	5	1
0	5	5
7	2	5
20	1	3
3	5	1
21	1	3
8	1	1
14	21	1
22	5	2
18	5	3
18	1	2
5	1	4
23	5	1
0	12	1
24	1	1
1	18	1
18	11	1
16	1	1
25	0	3
15	1	7
25	26	1
22	1	5
20	5	1
27	1	1
26	5	1
28	20	1
28	1	1
29	1	3
30	5	1
14	1	1
9	2	1
31	24	1
21	5	2
15	24	1
32	5	1
24	0	1
3	1	2
9	13	1
9	33	1
13	33	1
2	21	1
31	1	1
22	20	1
34	15	1
34	0	2
34	5	3
11	5	1
15	5	1
35	3	1
7	15	1
2	15	1
2	7	1
2	8	1
7	8	1
9	7	1
25	1	1
36	5	1
22	15	1
34	21	1
21	0	1
21	8	1
0	8	1
37	15	1
17	5	1
