C1	C2	weight
0	1	11
2	3	5
4	5	6
4	6	4
6	1	18
0	6	2
7	1	1
4	2	4
8	1	1
9	6	8
10	0	1
10	1	4
11	12	3
2	0	2
5	10	2
4	9	2
4	3	8
9	3	4
4	13	3
11	1	15
14	2	1
14	3	3
15	3	11
16	1	1
6	3	9
7	9	1
17	1	1
4	18	3
4	1	10
13	1	3
19	3	3
4	20	3
1	3	8
21	11	1
21	6	1
21	1	7
11	6	2
3	1	7
10	3	3
22	6	2
9	1	4
23	1	1
4	24	1
5	6	2
15	25	1
26	1	1
20	6	3
5	19	1
5	2	2
19	2	1
27	1	1
18	1	4
15	4	2
22	0	1
20	1	3
10	11	1
19	6	3
19	1	4
1	28	1
28	3	1
29	6	1
29	1	1
30	6	2
30	3	2
5	18	2
15	14	1
31	1	2
30	20	1
13	3	2
4	32	1
5	3	4
5	22	1
5	1	1
15	1	1
5	14	1
5	9	1
21	0	2
33	1	1
24	1	1
4	34	1
4	19	2
34	19	1
10	2	1
35	3	1
4	36	1
36	3	1
19	21	1
35	1	2
31	3	2
0	2	1
15	31	1
15	5	1
31	5	1
4	37	1
4	38	2
37	38	1
4	15	2
15	22	1
22	1	2
39	34	1
39	6	1
34	6	1
37	13	1
1	12	2
5	40	1
18	2	1
20	2	1
20	18	1
2	18	2
30	18	1
4	41	1
38	41	1
42	3	1
21	19	1
11	20	1
11	13	1
20	13	1
43	1	1
44	37	1
12	1	1
1	19	1
1	5	1
19	5	1
3	5	1
40	10	1
40	1	1
22	3	1
45	41	1
45	3	1
41	3	1
